0.049590755999999986
0.022598194999999988
0.06227883199999998
0.042459238999999996
0.03608970800000001
0.058038587
0.03253137399999999
0.06253371900000002
0.040887740000000006
0.07654286199999999
0.05736256099999999
0.040556702
0.13224058300000002
0.03234958000000002
0.034794341000000006
0.197458181
0.02783727200000001
0.03353748300000001
0.050431458999999984
0.02561659699999999
0.020243351000000007
0.02344454800000001
0.04127378499999999
0.018987462999999996
0.027357065
0.019758357000000004
0.022947030000000007
0.05685061100000001
0.020389286000000006
0.015476593999999996
0.02909938499999999
0.022442791000000004
0.183792461
0.442899984
0.023337812
0.024379859000000004
0.04717687300000001
0.024555758999999996
0.04500957900000001
0.015165560999999994
