0.06012251200000002
0.049554708
0.036129833
0.05472286700000001
0.19044927899999997
0.03172998099999999
0.02432398700000002
0.32543795799999997
0.064159556
0.329394165
0.08088242799999999
0.035777222
0.07766064
0.08662630399999999
0.105770959
0.06432825299999999
0.035706243
0.040650007
0.06418307699999998
0.04810149600000002
0.047732388999999986
0.031479488
0.17105861800000002
0.032963557999999976
0.028377947999999986
0.088893366
0.04981402700000001
0.139146937
0.41153029700000004
0.03500445299999999
0.04151495799999999
0.336589903
0.026579774
0.043541419
0.344616616
0.092110997
0.05780996900000002
0.06446157400000002
0.26458023799999997
0.04541066099999999
