0.15749577900000003
0.39756889500000003
57.203639075999995
0.06218121899999998
0.417865737
0.578210045
5.0705163870000005
0.46359758900000003
0.320056037
1.3885119919999998
0.126390152
0.05856338700000002
0.32478774600000004
0.057782899
0.29574826200000004
0.083569284
0.324137729
0.10828273
0.131076791
0.122976752
0.12964222899999997
0.04717048799999998
1.336772722
0.33749386200000003
7.733472017
0.07268474900000002
0.14474768799999999
2.7289930730000003
1.746468266
0.060167408000000006
2.40241131
0.06484136700000001
1.487287653
0.04828965399999999
7.314474893
0.076619728
0.198424483
0.17594496200000004
0.17004651600000004
0.099198379
