0.024157869999999998
0.03408100500000001
0.021561129000000012
0.032624121000000006
0.043707704000000014
0.028414129999999996
0.02234459500000001
0.021538901000000013
0.028006218
0.021917253999999983
0.023263967999999996
0.05483843599999999
0.023523839000000005
0.04369005699999999
0.03475629000000001
0.021837745000000006
0.024851011000000006
0.025191139999999987
0.023129387000000015
0.024756855999999994
0.013572800999999995
0.022904493999999997
0.014450191000000001
0.013910138000000002
0.01331207000000001
0.03571260700000001
0.019554245999999997
0.025896952
0.012047917000000005
0.013718663999999992
0.012184181000000002
0.019038607000000013
0.01518281099999999
0.01427718700000001
0.012778442000000001
0.017855455999999992
0.013012873999999994
0.014196812000000003
0.014161188000000005
0.014257277000000013
