0.992156895
11.588536088
0.096801415
0.40099992800000006
49.768861852
0.4926914760000001
3.110334995
0.19214046299999998
0.106785464
0.747422711
0.924999361
13.072762061999999
0.18093621
3.646378908
3.200556118
2.5855310940000003
1.092504938
0.9053125169999999
1.583917805
2.9149319890000003
2.6257288610000002
12.15824372
1.850084984
1.564065291
13.898258896
1.210556612
0.184278644
1.7123756949999998
4.693153119
15.892446677999999
3.9900890660000004
33.541516531
0.484794914
350.101472363
24.064438353
3.499478043
7.831218012
