0.606946893
161.36316251199997
3.600184857
18.694344389
2.357876244
13.163454305
248.148882156
0.521997807
1.827668525
13.601988404
0.48877819200000006
10.29511369
2.986967756
1.1520182250000002
0.49578646700000006
0.12121331400000002
6.2209820769999995
0.23395102300000004
0.6086395609999999
12.172187625
2.6463321090000003
274.906298015
378.59207374199997
210.54180977599998
15.2157003
75.150251309
282.599723758
18.093395879000003
768.183876045
3.219285644
110.64887657
309.79373274700004
17.125267845
1.446587664
5.267076327
0.49769817
4.576100799
