0.311276059
0.08909384
0.03063555300000001
1.982827398
1.663767721
0.05424058799999999
0.036239640000000004
0.148906649
0.05932831599999999
0.023628400999999993
0.05540078200000001
0.042910661
0.08457841999999999
0.04537518
0.09403743499999999
0.045332437
0.047534415
0.04540008799999999
0.05191362000000001
0.037364179
0.13683924300000003
0.386039119
0.051759638999999996
0.07787803000000001
0.09189113499999998
0.11339012399999998
0.05581789000000001
0.12969979499999998
0.08174168400000001
0.055336509000000006
0.8809057869999999
0.09252051
1.0283381169999999
0.09533764
0.125908828
0.107620191
0.7763552659999999
0.26574073200000004
0.192039966
0.11931562300000001
