0.07777144799999999
0.7418436770000001
6.753800966
1.12064123
0.20726658899999997
0.12391809200000001
0.0674971
1.104627233
0.22704098000000003
0.052977967999999986
0.09845192000000001
0.212997382
5.8717593610000005
0.074735148
0.186799907
0.412561434
0.213144818
0.16766788700000002
0.04924934
0.36312856699999996
0.136014223
0.286903267
0.535829719
0.047093808
0.584054112
0.598191732
0.077220889
0.20080600600000004
34.200000116
7.851090527
0.28507340000000003
0.145548331
0.521636063
0.159012738
0.22537607399999998
2.3261883159999996
0.18461929500000002
