0.025130721999999994
0.057718417999999994
0.022537845
0.034930663
0.05444544199999998
0.03872978499999999
0.048785879000000004
0.01903555600000001
0.039522697999999995
0.022432287999999995
0.017884974999999997
0.017786838
0.019431458
0.02309655499999999
0.022150897000000003
0.039899764000000004
0.03472007199999999
0.026130815
0.06033944900000002
0.01732048
0.022692390999999992
0.009559650000000003
0.009797014000000007
0.03161907700000001
0.024257935000000008
0.02412425800000001
0.014474153000000003
0.01806179499999999
0.014141834000000006
0.024724374000000007
0.009932958999999991
0.016100377
0.012955871000000008
0.014214574999999993
0.009800172999999995
0.028894250999999996
0.009275541000000012
0.015099163999999998
0.031028041000000006
0.009959314999999996
