0.5073029929999999
1.302726162
1.626356828
0.765283081
1.523430079
2.940223655
5.7440127080000005
4.139127991
1.240950226
0.5422498149999999
0.30462027299999994
0.504868305
0.620347869
0.20853462299999997
0.538067073
0.303524354
0.37374062499999994
15.309902113
0.44823055399999995
1.0030433840000001
0.5073029929999999
1.302726162
1.626356828
0.765283081
1.523430079
2.940223655
5.7440127080000005
4.139127991
1.240950226
0.5422498149999999
0.30462027299999994
0.504868305
0.620347869
0.20853462299999997
0.538067073
0.303524354
0.37374062499999994
15.309902113
0.44823055399999995
1.0030433840000001
0.5073029929999999
1.302726162
1.626356828
0.765283081
1.523430079
2.940223655
5.7440127080000005
4.139127991
1.240950226
0.5422498149999999
105.609036075
0.49405668300000005
4.139413747
0.77655788
0.773529275
6.391107363
3.3425002609999996
4.0852725969999995
0.44045709600000005
0.612611674
