1.32716548
1.731953424
0.806526068
1.034822241
0.24275283499999997
0.627672322
0.20401439
0.610676116
2.3678815419999997
0.915747451
5.138116963
3.014262096
0.378186026
0.346090206
0.5952718800000001
2.362319712
0.5394753189999999
0.538414214
154.874125862
0.248670671
1.813514787
0.552916607
0.18708326000000003
0.6073669279999999
0.7619977330000001
7.928232524000001
0.14396100299999998
5.809861671
0.6215413830000001
1.135376981
56.14368285
0.681653571
4.929095091
0.34915335700000005
0.242442283
0.5481702900000001
0.5050581390000001
0.090647738
3.681885155
0.471540325
