0.13166223199999996
0.718967898
0.10752854199999998
0.098310902
0.04334437199999999
0.109188752
0.13915600700000003
0.08213794300000002
0.6880034799999999
0.159920487
0.06094285999999999
1.7045874490000001
0.101431661
0.12153097099999999
0.036336751
0.050534666000000006
0.036365072
0.05228978100000001
0.063902867
0.10206146299999999
0.039182111000000006
0.228721637
0.718506941
0.07560148400000001
0.035590626
0.133182207
0.022634930999999997
0.015094361
0.263743113
0.059386914
0.070958036
4.20689307
0.029418354000000008
0.031012688999999996
0.020577256000000002
0.045734542
0.039376400000000006
0.075875536
0.04767075
0.046444189
