1.872471138
0.20819643499999999
1.5780861800000001
0.12756419900000002
0.15798072500000002
2.088583289
0.658874095
1.176530774
0.5695845930000001
0.141285054
3.1196400950000003
0.821767123
1.353566301
0.10409339000000001
0.089109474
0.980848994
0.163576889
34.819061591
7.269590649
1.275438013
0.519755991
0.448732771
1.717730258
0.49572629100000004
0.763726256
1.863383218
1.017245937
0.093720469
0.118332303
1.755306957
0.70099417
1.7147105959999998
0.08838352900000002
4.322188275
2.077310258
0.337966971
4.626442138000001
0.15165846700000002
60.074399404
2.656050444
