0.124881735
0.13292329800000002
0.23476186300000002
0.033789464000000005
0.16005664199999997
101.19159508899999
0.10851357299999999
0.089511448
0.103908101
0.20991800600000002
0.502530182
0.051177978
69.50041021700001
0.085703301
0.24189020299999997
0.113635698
0.133141466
0.176820076
0.157375013
0.39904688599999993
0.136608758
0.081411798
0.16465159099999999
0.185752503
8.729803803
0.052069223
9.12015063
1.0452759230000002
364.59557732099995
0.21093921
5.242808504
0.366663551
0.157150831
0.084381245
0.07420152099999999
0.08003676800000001
0.146504508
0.23117096499999998
0.133224857
0.12170700299999998
