0.033988000000000004
0.028034258000000006
0.027668530999999996
0.02578831299999998
0.02190831600000001
0.049169784999999994
0.05337502599999999
0.019800209
0.02621117299999999
0.023241905999999993
0.017355242999999992
0.019061100999999997
0.018534867999999982
0.025239192999999993
0.047194766
0.042338825999999996
0.027053002999999992
0.026990860000000005
0.03883661700000002
0.04510978700000001
0.019193611
0.012006207000000005
0.010505501
0.022320593
0.016102269000000002
0.010814294000000002
0.014012033000000007
0.053268439999999986
0.011263263999999995
0.018541979
0.012339136
0.017818303999999993
0.03660862299999999
0.010390870999999996
0.014615781999999994
0.013262651
0.019760156
0.026430227
0.021926056
0.020796294000000007
