0.55766523
0.09007065
0.13511084099999998
0.12010660100000004
0.101001817
0.04830062199999999
217.873984157
0.274991005
0.647963615
0.085389735
0.22840225500000003
0.293738865
0.6358023110000001
0.10346812999999999
0.12625112400000002
0.148403587
0.08769423300000001
0.13471107
0.067248686
0.08803376800000001
0.034622
0.156899477
0.1356275
0.07557781000000001
0.041528281
0.057395739
0.524936753
0.054348227
0.022912873
0.488781572
0.042943015
0.04610403299999999
0.02872234600000001
0.04400735700000001
0.06795530699999999
0.043219965
0.03461370899999999
0.07320582900000001
0.056992901
0.352630344
