0.18602943900000002
0.059769902000000014
0.093480331
0.049843301000000007
0.144482875
0.09001470099999999
0.05637680199999999
0.06372811399999999
0.158473699
0.070079727
0.142515745
0.094764881
0.20133327499999998
0.106079747
0.130251716
0.10151989600000001
0.050418488
0.14176717
0.103712292
0.16615415099999997
0.18602943900000002
0.059769902000000014
0.093480331
0.049843301000000007
0.144482875
0.09001470099999999
0.05637680199999999
0.06372811399999999
0.158473699
0.070079727
0.142515745
0.094764881
0.20133327499999998
0.106079747
0.130251716
0.10151989600000001
0.050418488
0.14176717
0.103712292
0.16615415099999997
