83.357078133
0.161133651
2.313868876
0.441522121
0.557063979
3.113864981
94.85169923400001
2.8012406199999997
3.985932188
10.245523246000001
1.243887251
2.915462231
0.49579810199999996
0.481576353
0.462357059
0.364323469
0.37201024400000005
2.873170764
1.63230476
19.46440614
2.109000986
0.5356995330000001
6.621590266
2.7085034949999995
0.629671668
0.5183098070000001
8.389087321
0.593017492
1.754829171
83.12191761199999
2.893302856
0.170693075
8.476258048
2.901406823
12.797313810999999
0.451711642
0.656029738
4.668118808
6.407028775
