5.625915317
120.573670328
14.487417215
4.4228780279999995
27.812057591
32.726284723
11.519734252000001
2.855902703
65.88957597999999
0.47820875999999995
5.1190335629999995
7.916260390000001
10.260220835
10.044139491
1.910592591
25.615412320999997
3.561721683
0.072907303
0.09316937900000001
1.155510476
1.217643785
0.5667370169999999
1.751503456
14.791718307
0.866318787
57.557218472
0.675293746
189.796319095
7.441224502
1.460999482
0.390015051
0.620803338
2.496592773
16.960997288999998
4.0636885519999995
