0.103842836
0.21489558299999997
0.05493325800000001
0.05849454899999998
0.054661828999999995
0.47269675200000005
0.079381655
0.05853307200000002
5.504432783
0.16307341199999997
0.10622158200000001
0.07827339
1.2671974
0.08735900200000002
1.3466494770000002
0.086432498
0.215920763
0.172182597
0.05483901000000002
0.19083095000000003
0.23109001299999998
2.177543356
0.090375762
0.203779998
0.6303835680000001
0.17873001
0.10774726299999998
0.06232104800000002
0.057013501999999994
0.055233175999999995
0.09682064300000001
0.07544672999999999
0.09846131500000002
2.680298518
0.17111988200000003
0.258622652
0.253137401
0.05718109399999999
0.123251048
