0.05124158099999998
0.037990109999999994
0.03606331700000001
0.084647696
0.04635444
0.08217906
0.048809193
0.107654991
0.12170303499999999
0.05408183
0.159811591
0.5167002509999999
0.07270569000000002
0.06346417300000001
0.032853836
0.346863295
0.03035734200000001
0.126246762
0.6496886089999999
0.05056688200000001
0.034906372000000005
0.033548151
0.09271544400000001
0.04074195300000001
0.05289982200000001
2.5171843419999997
0.013146151000000009
0.14850923100000002
0.07164876
0.020540353999999997
0.030713450000000003
0.283249929
25.166587304
0.41033229
0.027477535999999997
0.112149756
0.62718543
0.03482292699999999
0.05279133300000001
0.03492374100000001
