0.11619491600000001
0.203136614
0.227660325
0.5289559140000001
0.063298202
0.18404736399999996
4.152574964
2.757562801
1.0977964459999998
0.114461128
0.12898903599999997
3.855948609
0.659580892
0.18698702099999998
0.112926256
3.243521583
0.104428623
1.0534137749999999
1.846328706
0.278996028
0.208648537
4.929289220999999
2.290285696
0.297777234
0.140447449
0.135574872
0.13827939400000003
0.150696897
0.261247757
0.188094513
0.42101363700000005
0.245974551
0.12861534400000002
0.42573314100000004
0.0688127
0.341634486
30.500659655
3.8688859969999996
0.46793121299999996
0.8525218290000001
