0.18392136299999998
0.49478824099999996
0.066517666
2.01718325
0.12934235500000002
0.219871277
0.080106654
0.131481184
2.365237125
0.22706729
0.43095463500000003
0.20032638000000003
0.11987517
0.32295597600000003
0.667279277
1.110069225
2.164778235
0.15752435399999998
1.3468717629999998
0.9987728590000001
0.7456219510000001
0.074446453
0.13801837400000003
0.36885778700000005
0.19459929599999998
14.270405313
0.16800843499999998
0.5715575980000001
0.085184179
0.14548205500000003
0.133379591
0.148064515
0.083393416
1.062003228
85.570195091
19.483269419000003
1.428262061
0.261238797
11.849405093
