38.972747726
0.378158891
0.30198081200000004
0.063004967
2.643948613
0.18773528800000003
0.15709457200000002
0.059351125000000005
0.847507471
0.248089827
0.15994098299999998
0.13123510600000002
0.092142111
0.11841063399999999
0.13676614600000003
0.24260799300000002
0.142756294
0.21075436
3.767664839
0.08933555100000001
0.11333511200000002
0.368016139
0.12664126600000003
5.333306227
0.06574624300000001
0.155785342
0.32422753600000004
0.14224436999999998
1.145443851
0.094566017
15.546230159
0.353519186
0.08202659600000001
0.124764209
70.135555111
0.075136763
0.119255638
0.06338274500000002
0.150180607
0.14986343199999996
