0.05733157800000002
0.03605858199999999
0.05005786799999999
0.20392106799999998
0.02753198799999998
0.031285044999999984
0.026134774
0.043939596000000025
0.026540689000000006
0.088075074
0.150127527
0.037152519999999994
0.043139450999999995
0.049787529
0.048742616000000016
0.059773541
0.03523438499999998
0.40148865599999994
0.049574516999999985
0.039421160999999996
0.018420350000000002
0.03324910099999999
0.022230897
0.015470599000000002
0.026868465999999994
0.02017318300000001
0.013669729000000005
0.021992384000000004
0.047892715
0.013998498999999998
0.019277813000000005
0.08964219899999999
0.014385455999999991
0.028712269999999998
0.025618434999999995
0.039117762
0.8532255169999999
0.019128428000000003
0.023994427999999998
0.024818588000000003
