0.21627314499999997
0.535948289
0.307539499
1.47412219
0.204539104
23.625350166999997
0.5581741299999999
10.877977916
0.164741421
7.372017199
0.246675066
0.903191703
0.43589841500000004
0.12412074699999999
25.434473652
22.647421887
0.21726573500000002
0.6792037390000001
0.96564118
0.229809321
0.144530706
3.0819990020000003
0.23899445999999996
6.0250214259999995
0.38080151100000004
0.40706530799999996
0.062135262
0.12095974699999998
0.19335942699999997
13.514035601
80.980584718
1.09237157
0.732609043
0.7617496410000001
0.5419093810000001
0.7428172009999999
1.0734123359999999
0.6376202630000001
2.093541969
