15.218231807
0.800022859
0.51157856
0.33676450399999996
0.314524749
1.8509914790000002
0.33599323
0.241354732
0.550745037
0.406738689
0.39982324999999996
0.277384167
20.311427557000002
0.874827069
0.425310935
2.893616435
0.343073499
0.22527160599999999
0.22738048500000002
0.21669806000000003
15.218231807
0.800022859
0.51157856
0.33676450399999996
0.314524749
1.8509914790000002
0.33599323
0.241354732
0.550745037
0.406738689
0.39982324999999996
0.277384167
20.311427557000002
0.874827069
0.425310935
2.893616435
0.343073499
0.22527160599999999
0.22738048500000002
0.21669806000000003
