0.103719582
0.422579909
0.915035888
0.40110287
0.068705885
0.08730285499999998
0.07216862999999998
0.113784052
0.709850482
0.153801081
0.21772793499999998
0.7259531
0.07493839899999999
0.260883436
0.683426749
1.1525865069999999
0.22846066799999998
0.16160570400000002
0.140754707
0.16335241500000003
0.25594117400000005
0.09488212399999998
0.118353505
2.727945729
0.088041813
0.19491425999999998
0.057216181000000005
0.11088468900000001
0.09694244099999999
1.465534389
0.15964418900000002
0.08496852099999999
0.126924909
0.154848853
0.5179472190000001
0.208880651
0.5878481019999999
38.280738961999994
0.628324318
1.0656488149999999
