0.05593463400000001
0.05585970800000001
0.034872105
0.049818287
0.047751726999999994
0.062966716
0.044508967999999996
0.031884701000000015
0.034140269
0.041348862000000014
0.033802467
0.043791609999999995
0.04015142099999999
0.04290448399999999
0.048515644
0.03326488799999999
0.03788914500000001
0.04611822
0.059963585
0.03980637999999999
0.047638766999999985
0.04031201500000001
0.055944169000000016
0.076505723
0.03381242100000001
0.04127216
0.033937393999999996
0.03863417300000001
0.043402731
0.05879227799999999
0.129186112
0.043441674
0.039677857999999996
0.14988758199999996
0.03276169100000001
0.03956937999999999
0.03841957700000001
0.05510991700000001
0.03361075899999999
0.03314592499999999
