3.488746579
0.11987927499999998
0.35735866299999997
0.18294947900000003
0.912947681
2.115195087
115.82102235699999
0.215753612
3.015146025
0.26020683
0.730759019
1.173198379
0.588275976
2.142357315
0.22512685899999998
0.104157264
0.145910733
0.35460553899999997
1.9826143649999999
8.603646873999999
0.517796188
0.42707087200000005
0.20749060800000002
45.814679851
0.23512784799999997
234.782598719
4.451865657
4.489109103
1.294550133
1.004678292
0.683359925
0.592235294
0.29634005399999996
30.086241265
0.318870596
0.233227905
1.619112733
1.05733589
2.097483779
3.558571797
