0.07816527100000001
0.056934152
0.055716481999999984
0.06371681700000001
0.15534731200000002
0.071812018
0.068802269
0.083426958
0.14227991399999998
0.137581734
0.101518368
0.042369734000000006
0.051372064999999995
0.05247148899999998
0.16543844500000002
0.14469973799999997
2.256926268
0.05193825599999999
1.23226576
0.05143591800000001
0.053498034
0.053716465000000005
0.26873447500000003
0.044553576
0.047598731000000005
0.046247595000000016
0.06151074799999999
0.05574041599999999
0.248838867
0.06280448999999999
0.10438839600000002
0.08795814699999999
0.19716902199999997
0.06387681899999997
0.06048886400000002
0.05157047399999999
0.091769299
0.046419357999999994
0.08951857399999999
0.36021410499999995
