0.034434228
0.019637135
0.061227901
0.019120569000000004
0.020070163000000002
0.049218945
0.044996461
0.019493665000000007
0.018257865000000012
0.026629446999999987
0.018093560999999994
0.019949141000000004
0.01772584699999999
0.020412948
0.04628655200000001
0.022775308999999994
0.02426830100000002
0.026270367000000003
0.020260308000000005
0.018170785999999994
0.019145324000000005
0.011285352999999998
0.010252764999999997
0.022893105999999996
0.011170968000000003
0.010675016999999995
0.040551013
0.021828029
0.010873354000000002
0.018477790000000008
0.010038750999999999
0.016589041
0.01148998300000001
0.010312270999999998
0.014442300000000005
0.014375203000000003
0.019377902000000002
0.012020587999999999
0.01041632399999999
0.01657512700000001
