0.023922332000000004
0.027340673999999995
0.06862385699999998
0.03241920000000001
0.03539627000000001
0.039041465
0.071140245
0.040262747000000015
0.111278118
0.037299365
0.030913416999999985
0.037310556999999994
0.050489641
0.023975014000000017
0.02801018199999998
0.038355147000000006
0.082180861
0.037337704999999985
0.03397503499999999
0.04973740799999998
0.014825169
0.015354660000000006
0.083704749
0.035202924
0.017738758999999993
0.014892349
0.013172861999999994
0.01778476999999999
0.01967033600000001
0.024393123999999988
0.024949989000000006
0.02473069900000001
0.014466708999999994
0.021712626
0.014231981000000005
0.028117732999999992
0.06485372900000001
0.013275934000000003
0.019217531999999996
0.03067648399999999
