0.47770482999999997
252.296779168
7.817070567
27.000517864
57.973433965000005
0.846649007
1.588081803
0.846069245
1.6908601579999998
3.7445698430000003
58.313808199
3.171674171
3.24477863
0.727991886
9.668909744999999
0.47770482999999997
252.296779168
7.817070567
27.000517864
57.973433965000005
0.846649007
1.588081803
0.846069245
1.6908601579999998
3.7445698430000003
58.313808199
3.171674171
3.24477863
0.727991886
9.668909744999999
0.47770482999999997
252.296779168
7.817070567
27.000517864
57.973433965000005
0.846649007
1.588081803
0.846069245
1.6908601579999998
3.7445698430000003
58.313808199
3.171674171
3.24477863
0.727991886
9.668909744999999
