0.015690321000000007
0.01630021999999999
0.017093584999999994
0.017893724000000014
0.019637401
0.020054059000000013
0.01612126599999998
0.017747274000000007
0.017788914000000003
0.015588651000000009
0.015809663999999987
0.027827204000000008
0.019740457000000003
0.06179142100000001
0.017941746999999994
0.018076212000000008
0.015906325999999985
0.077718001
0.021789940000000008
0.017073125999999994
0.009102811000000002
0.009336298000000007
0.021530693000000004
0.02275034699999999
0.009977110999999997
0.009236964
0.013468803000000001
0.009138225
0.009877942
0.010385026000000006
0.00901077900000001
0.020943569999999995
0.009074500000000013
0.013689370999999992
0.009932552999999997
0.009125857000000001
0.009948043000000004
0.010347405000000004
0.010070438000000001
0.010052935999999998
