0.05060553400000001
0.087079252
0.110759372
0.05322809999999997
0.05880629700000001
0.05126188599999999
0.03818292000000001
0.040063090999999995
0.026463329999999993
0.03736672199999999
0.063743451
0.040774592
0.053476621
0.040178209000000006
0.06991745499999999
0.06882824500000001
0.06355676399999999
0.033725535000000015
0.09427080400000001
0.08340424099999999
0.048387263
0.033082869
0.031339753
0.021203286000000002
0.031687199
0.028425532000000003
0.03390486399999999
0.03687080200000001
0.030029947
0.05213692299999999
0.032030556
0.027837373000000012
0.020199204
0.028707835
0.06409188800000001
0.03058282300000001
0.035228886
0.13203780199999998
0.024788488999999997
0.023821037000000003
