0.014823367000000004
0.019195003000000002
0.012911802
0.015337575999999992
0.012296890000000005
0.015045474000000003
0.03220933999999999
0.015594100999999985
0.029998567000000004
0.015790283000000002
0.015596346999999997
0.014339400000000002
0.024568407
0.01917181300000001
0.017331866000000015
0.015485473
0.01863872400000001
0.012925461999999999
0.012440209000000008
0.015893893999999992
0.010137974000000008
0.008899662999999988
0.007078136999999998
0.010155374000000009
0.0069685490000000044
0.008873524000000008
0.0071265290000000064
0.010458228
0.007055947000000007
0.009064793000000002
0.007435674000000003
0.010731613000000001
0.008614767999999995
0.007255813
0.007216628000000003
0.007258472000000002
0.007233085
0.008426323999999999
0.008637304999999998
0.009146586999999998
