2.319946661
0.6721189249999999
5.2804124550000004
0.14373308699999998
4.7000432860000005
0.443733077
0.11510720999999996
0.16545337100000002
0.118870117
0.212119856
0.15522180800000002
0.117256275
0.6644692249999999
0.11706188799999998
0.11896272899999996
0.19226744400000004
1.138049708
0.204243992
0.19531014600000002
0.077869558
0.710889919
1.8450932629999999
0.490110175
30.605175979
0.20407855499999997
0.168607198
0.17181071399999998
0.176186428
0.189513073
4.865015474
0.13592253300000004
0.137524222
0.110017908
8.232571853
178.612562565
0.39976839200000003
11.520211712
0.215493907
0.734301134
0.45032298300000007
