0.295728102
0.16468705700000003
0.11450884800000002
0.198798725
0.06824069399999999
0.694629822
1.955791607
0.19490951900000003
0.126849086
0.03727066399999998
0.16893482
0.055288635
0.089571019
0.199907757
0.111629485
0.054161864000000004
0.09877765699999999
0.034642491
0.16844809499999996
0.334023037
0.09111165600000001
0.063925692
1.46150535
0.26228069
3.8970163120000003
0.08288565
0.096658416
0.03574303299999998
0.327378269
1.074917242
0.555102878
0.10519758200000001
0.091905356
0.066650237
0.08781053999999999
0.07746408499999999
0.10563636200000001
0.053373704999999994
0.47895349200000004
0.17232027400000002
