0.018708559
0.03248380399999998
0.049032732999999995
0.016891163999999986
0.07724804600000001
0.03917115600000001
0.083113716
0.025623844000000007
0.02352488300000001
0.06976052099999999
0.017190329000000004
0.017521307000000014
0.03247599100000001
0.03271484600000002
0.026905930999999994
0.036343985999999995
0.035892588
0.032337442999999993
0.033049099
0.02631493800000001
0.022142359
0.013480629999999993
0.020829589999999995
0.019402870000000003
0.015193117999999992
0.010348286999999998
0.0073710150000000085
0.03496635199999999
0.019351578999999994
0.009895268999999998
0.015453158999999994
0.011503205000000002
0.013945407000000007
0.020721459999999997
0.021588521
0.01433715499999999
0.06914979900000001
0.016777818
0.020344570999999992
0.012839528000000003
