0.015768699999999983
0.015962359999999995
0.016920571999999995
0.017847183000000016
0.019547508000000005
0.021830429000000012
0.015725743999999986
0.018612897000000003
0.017640152000000006
0.016047516999999997
0.015971051999999986
0.027304133000000008
0.019662342999999985
0.06261129100000001
0.01746896099999999
0.018147823000000007
0.015874842
0.076111745
0.022363935
0.017221048000000003
0.009114045000000001
0.009602642000000008
0.021968534999999997
0.023185394999999998
0.010146100000000005
0.009212210999999998
0.013213007999999998
0.009143324000000008
0.010146117999999996
0.010214132
0.009021979999999999
0.020720672999999995
0.009126284999999998
0.014020789999999991
0.009967363999999992
0.009153738000000008
0.009041582000000006
0.009906854999999992
0.009940365999999992
0.009934119000000005
