0.07613153099999999
0.04168392700000001
0.04517566199999999
0.028006829999999996
0.03267309900000001
0.049958279999999994
0.028379613000000012
0.041080093
0.026768981999999997
0.032754796
0.06509661200000001
0.030583409000000006
0.042888438000000015
0.03872438900000001
0.046478042
0.040141017
0.02860317100000001
0.032750497
0.027794638999999996
0.042371805999999984
0.016329980999999993
0.015237664999999997
0.025153298000000004
0.018931555000000003
0.026398967999999995
0.087765263
0.025737636000000008
0.03678076499999999
0.030262883000000004
0.042497190000000004
0.032609524
0.027428097999999998
0.04197427899999999
0.024167304
0.025454503000000003
0.038476252
0.031478549999999994
0.016875250999999994
0.02588364900000001
0.024490509000000008
