0.17389129700000003
0.063559413
0.14069597
0.17128541399999997
0.06269814200000001
0.049874162
0.02444649900000001
0.42406824
0.11349082099999999
0.461988312
0.095116903
0.038786249999999994
0.027454753
0.027618736000000005
0.5788196569999999
0.04647221600000001
0.096723636
0.10306872
0.23118585900000002
0.060136729
0.040438435999999994
0.03606584500000001
0.08762561000000002
0.27461986699999996
11.010904511000001
0.039470789000000006
0.730453178
0.05405949700000001
0.245541313
0.06672335299999999
0.20610395600000003
0.09111829499999999
0.33868798599999994
0.032005248999999986
0.082456436
0.055572977999999995
0.028266263000000014
0.38938751400000005
0.06586588099999999
0.06574924299999999
