0.023850428999999992
0.026853899
0.032671826
0.036240843999999994
0.026161544999999994
0.02568498999999999
0.026078301999999984
0.024747597999999996
0.02556750699999999
0.03726462900000001
0.03118860000000001
0.026650834000000012
0.050037232
0.024452076000000017
0.027792662999999995
0.023603839999999987
0.034393428000000004
0.026109157000000008
0.024613734999999984
0.050677713
0.01295922599999999
0.01396078499999999
0.014039738999999996
0.013167440000000002
0.01780117099999999
0.015242780000000011
0.013363862000000004
0.017522033999999992
0.019523556999999997
0.028796531
0.015916669999999994
0.013383677999999996
0.013142505999999998
0.020611575999999993
0.014073792000000002
0.028181378000000007
0.064142983
0.013246193000000003
0.013843856000000002
0.028117857999999996
