1.2083048770000002
0.752266429
0.54348677
0.08201059200000002
0.10137939399999998
1.01269537
0.118007961
2.0051251750000003
1.3939872739999999
0.36173986
0.34201198899999996
0.081587419
0.12557023399999998
0.06218148799999998
0.124440992
0.104164922
0.660116769
0.23623834600000002
0.183266488
0.15262671700000002
0.987380562
0.380667553
0.157856766
1.315626298
0.501874583
0.455831847
1.0762283590000001
0.30219731800000005
0.08958507700000001
0.278053686
0.127824794
0.154672941
0.16042914400000002
24.164507269
1.6238483479999999
1.334479609
0.7745442899999999
1.914174582
0.38809176999999995
0.349068575
