0.024293100999999998
0.034530926
0.03996872900000001
0.044281657
0.04366289499999999
0.028350101000000003
0.02311774300000001
0.02287435900000001
0.038678095999999995
0.021844117999999996
0.02316367200000001
0.054130214999999995
0.034671483
0.04398253799999999
0.03462525300000001
0.021756430000000007
0.024993350999999997
0.025536513999999996
0.02329739800000001
0.024453114000000012
0.014182049000000002
0.022655451999999993
0.014114416000000005
0.014760151999999999
0.012913130999999994
0.03658449300000001
0.01981018200000001
0.02631480900000001
0.012289716999999992
0.013711413999999991
0.012435994000000006
0.018912567000000005
0.015008579999999994
0.014221731000000001
0.01269527799999999
0.018260448
0.015207310000000002
0.014132109000000004
0.01337993300000001
0.013653659999999998
