0.014995659999999994
0.042322953999999996
0.11132307799999999
0.04845846699999999
0.043693607999999995
0.022113084000000005
0.022519249000000005
0.055433226
0.052627585000000005
0.047435789000000006
0.019523445
0.024678066999999998
0.031967777
0.022490611999999993
0.01834748
0.205557123
0.030546450000000003
0.06478728900000001
0.07206781400000001
0.033463541
0.030279457999999995
0.0645734
0.040799890000000005
0.032236377999999996
0.138829404
0.05334377
0.013447868000000002
0.034434013
0.015284910999999998
0.019338872999999993
0.019618378000000006
0.11252997499999999
0.11121641700000001
0.019459775999999998
0.062619125
0.10707813199999999
0.523799382
0.028570412000000003
0.036941347
0.01847341100000001
