0.172924623
0.134398139
0.29412471500000004
0.45710986400000003
0.356205421
0.20792263700000002
1.0740908569999998
0.285104207
0.38272470799999997
0.13270474100000001
0.663307334
0.338875053
0.38277347400000006
0.45658218000000006
0.298275831
0.280892725
0.40541484400000005
0.4262096369999999
6.448589651000001
0.258389514
0.172924623
0.134398139
0.29412471500000004
0.45710986400000003
0.356205421
0.20792263700000002
1.0740908569999998
0.285104207
0.38272470799999997
0.13270474100000001
0.663307334
0.338875053
0.38277347400000006
0.45658218000000006
0.298275831
0.280892725
0.40541484400000005
0.4262096369999999
6.448589651000001
0.258389514
0.172924623
0.134398139
0.29412471500000004
0.45710986400000003
0.356205421
0.20792263700000002
1.0740908569999998
0.285104207
0.38272470799999997
0.13270474100000001
0.663307334
0.338875053
0.38277347400000006
0.45658218000000006
0.298275831
0.280892725
0.40541484400000005
0.4262096369999999
6.448589651000001
0.258389514
