0.6092086
0.090567135
0.31265655800000003
0.08913219
0.185161917
0.11658416800000002
0.13368581499999999
0.9883043739999999
0.554322832
0.334257023
0.22419677999999998
0.17427173199999998
0.234887501
0.10165137500000002
0.13749014
2.476260957
0.27049596500000006
0.10851056
1.3932560429999998
0.137775806
0.043447655
0.33943569100000004
0.143136351
0.108830796
0.050391322000000016
0.037912388000000005
0.11418362899999998
0.032852858
0.16110845
0.095132865
0.09324472599999999
0.043049398
0.06474222000000002
0.04783170499999999
0.170711409
0.10626
0.189284644
0.12370916300000001
0.49981476199999997
0.14185891699999997
