0.022824839
0.01976650299999999
0.061354038
0.054081746999999986
0.032838043
0.030840852000000002
0.039309369999999996
0.031370271000000005
0.050118588000000006
0.04727410600000001
0.03619844300000001
0.031828675
0.332466452
0.02325845800000001
0.065449114
0.030899565000000004
0.018220540999999993
0.028163533000000004
7.5430826500000006
0.024428660000000005
0.025848229
0.040924324
0.041582082000000006
0.025019027
0.02339055200000001
0.01705888500000001
0.022605773999999995
0.43189534
0.06775867799999999
0.02946290900000001
0.039628311
0.05154713100000001
0.039856874
0.309131241
0.078627169
0.046537578999999996
0.030883788999999995
0.04963110700000001
0.047630718
0.023657024
