0.114717881
0.03606883699999999
0.131523245
0.23071992800000002
0.083044912
0.11115950200000002
0.220061703
0.045702810999999996
0.40715278
0.05487133799999999
0.050172350000000004
0.09620114800000001
0.67650682
0.068383679
0.13396411800000002
0.050916714
0.101581719
0.128364709
0.120146921
0.06428139800000002
0.086915288
0.029912390999999997
0.149004661
0.05237475700000001
0.026012717000000005
0.028352187
0.037440777999999994
0.03237086
0.023221890999999995
0.037608277999999995
0.03101272599999999
0.160216902
0.101626129
0.04003115
0.023366178
0.03358609700000001
0.06397195
0.060643960999999996
0.029197097000000005
0.063338336
