0.12080972799999998
0.092410978
0.09272871900000001
0.07814489900000002
0.061060823999999986
0.12462255099999997
0.324076602
0.066991614
3.939614633
0.172304022
372.66389160899996
0.128017265
0.05970220999999998
0.05343220800000001
0.079255669
0.078866259
0.052887412999999994
0.07648991299999999
0.129258128
0.13496732
0.06084677199999999
0.092666619
0.673036594
0.07471162
0.09944993199999999
0.05885473199999999
0.078886593
0.08420317199999999
0.102127361
0.13901730000000004
0.078459942
0.080451204
0.08864348300000002
10.386479967000001
0.21197650399999998
0.330342777
0.244333726
15.696852146
0.15391660899999998
2.554157854
