0.150414244
0.531528862
0.08518400699999998
0.052460322999999975
0.859659583
0.07190371300000001
0.177532924
0.252488064
2.2560097399999997
0.036837763999999995
0.09235311600000001
0.042652781
1.178078457
0.07201213799999998
0.090451433
0.05697195599999999
0.17379368799999997
0.07589626099999999
0.07656243000000001
0.08875620199999998
0.06294075099999999
0.032476695
0.13901684500000003
13.934241771
0.15259195999999997
0.671504561
0.23711871900000003
0.056461076
0.16013822600000002
0.25952869300000003
0.08161885700000002
0.42117398399999995
0.082719718
0.078799954
4.379378725
0.111587508
0.03872651199999999
0.07580008299999999
0.18212887399999997
0.225432073
