0.024941573000000022
0.042966982000000015
0.05990414299999999
0.022996581999999988
0.035897867000000014
0.037548938000000004
0.025061635999999998
0.025794728000000017
0.025140018000000014
0.03936864599999999
0.03137105000000001
0.03945435700000001
0.051538553999999986
0.054661826999999996
0.08159458600000001
0.12951637400000002
0.042549423
2.258614441
0.08188496499999998
0.031381202
0.010802934
0.02088003799999999
0.013101017999999992
0.03322430800000001
0.014954402999999991
0.009917119000000002
0.019648476999999998
0.014607529999999994
0.019899507999999996
0.02107026599999999
0.020769331000000002
0.015091379000000002
0.576467404
0.02016399199999999
0.014127372
0.02351714299999999
0.039899941999999994
0.01994660999999999
0.015778587999999996
0.013741755000000008
