49.516728735
0.63434892
0.919275214
0.416191171
1.88922647
0.24952774200000002
2.690509744
6.001183001999999
30.860763908000003
1.093265156
0.329883734
69.246265376
1.043838168
0.256047729
0.11432473100000001
3.755380649
0.639288379
7.041294832
0.201832754
198.572366187
0.4415407210000001
0.661688961
7.486973485
0.679363519
0.671145755
0.6211272240000001
0.22636457999999998
108.88064615399999
3.28788866
0.373743432
0.152405399
1.273007566
1.092739667
0.175695125
9.153419712
0.128527971
0.327019171
65.488060464
269.26881144199996
