0.134439101
0.16789492900000003
0.16490509399999997
0.09398020200000001
0.05043025600000001
0.329676431
0.059066646
0.39034546999999997
5.8811765419999995
1.393913505
0.03127474999999999
0.11626448
0.044648260999999995
0.07607402599999999
1.5073109150000001
0.170071167
0.20509503199999998
0.046359452999999995
0.07822214
0.062340391999999994
0.07563937400000001
0.27474673000000005
0.08727843900000001
0.163091889
0.7921170169999999
0.10460687099999999
1.344115744
0.07947144399999997
0.097946208
0.059550088
0.254884012
0.14914404999999997
0.161147019
0.41519972000000005
0.835944775
5.632419855
0.595970184
0.212161612
0.291329309
15.185377168
