0.050847801
0.039798839
0.02725346199999998
0.07969704799999999
0.02469912100000002
0.053576714
0.05615019800000001
0.041237631
0.034769208999999995
0.04001817100000002
0.363787345
0.072002966
0.03930719399999999
0.341157272
0.067379149
0.04645531800000002
0.04270997200000001
0.11094350900000001
0.03528757199999999
0.032851327
0.015239375
0.033536327000000005
0.016023419999999997
0.020017680999999996
0.015404883999999994
0.04212146000000001
0.011163205999999995
0.10482738100000001
0.035692839000000004
0.015016586999999998
0.013089043000000009
0.009859462999999999
0.020556891000000008
0.023166930000000002
0.020033329000000002
0.031945771
0.019472379999999997
0.019451879000000005
0.03141246800000001
0.025620212000000003
