4.781030581
0.23098897200000001
0.240492682
3.310642464
1.673123163
18.671783646999998
0.804835512
3.9744189970000003
0.915061174
0.474415469
0.165249561
2.656479555
0.300425764
26.817892971000003
7.746373604
0.612879024
0.907276099
1.483134914
27.78718351
32.453804942999994
729.42956741
15.765098196
0.506539341
46.637122498
15.402393235
18.557854879999997
3.276275137
13.550179025
6.959698312
19.392675886000003
2.306760156
5.93598792
12.705983808000001
8.35482929
6.815351244
0.636661578
52.156482978
