0.225494531
3.757473776
0.34231081399999996
0.5587452070000001
0.255450143
2.929414457
0.696071614
1.192435364
0.48695962400000004
2.3171341169999997
1.3717815629999999
0.223296923
0.183449677
2.172330907
0.30050506
0.888076866
5.109408574
0.671180985
1.1573943789999999
1.391129034
0.134420673
12.4006253
0.133303105
0.580007035
0.124344534
0.15870449799999997
3.677350258
2.572165508
0.18139812700000002
0.3273516
1.9321709159999998
6.811032072
0.727367856
0.18067162699999997
4.276162667
0.260771749
0.344068264
6.131336803
