4.185940296999999
0.572421219
4.468995228
2.95870422
0.47514558
0.141538252
2.396792324
1.037863921
10.460300553
0.11612449000000001
0.263057141
0.6143939629999999
0.11075797500000001
0.270498515
1.7959818629999997
2.3769514419999997
4.736428753
0.16031549700000003
0.22752415599999998
2.4988102530000003
3.297546548
0.297412417
0.682033938
0.39156067899999997
0.290260835
1.5643779709999999
0.39160603299999996
0.098439108
5.637499502
0.24697367999999997
0.13619936000000002
0.576420223
2.846057589
1.99207378
0.16900951800000003
0.10794136700000001
17.628777182
2.4444210849999997
2.58133065
