0.06351309
0.08554189999999999
0.041017155
0.033898492
0.07524040299999998
0.027299110999999987
0.085149735
0.07986490700000001
0.038194751
0.053182160000000006
0.08001540100000001
0.05324802099999998
0.06699481800000001
0.10122948600000001
0.035231763
0.035561706
0.088558057
0.065504217
0.08922005899999999
0.03136208300000001
0.032989502000000004
0.014006567999999997
0.097794344
0.06783964600000002
0.023362617000000002
0.021458605000000006
0.11724186800000001
0.025759054000000003
0.027215472000000004
0.028915169000000004
0.017399701000000004
0.018404508
0.03134777800000001
0.03094984299999999
0.08665234
0.042044771999999994
0.21282715900000002
0.028418925999999997
0.048093264999999996
0.03430598
