1.4003451109999998
0.07944936699999999
0.41184609600000005
0.141150525
0.06014889099999998
0.086031357
1.154391839
0.470954673
0.194181138
0.12406748599999999
7.066408037
0.26940368299999995
0.131316307
0.08257589800000001
0.133356213
0.317049026
0.5579050240000001
0.103672298
2.86345798
0.7737394630000001
0.10735401
0.564527056
8.293455868999999
0.17933800700000002
0.303013825
0.119145789
0.274899922
0.282438632
3.312912534
0.13600708099999997
0.16094629500000002
2.899039533
0.239649306
0.151137335
0.25277352200000003
2.3570461739999997
0.18067751499999998
0.16532221300000002
0.169330993
