7.489249865000001
0.261163087
1.4124572629999999
4.368876912
27.78383031
0.22401720700000002
0.5065614820000001
4.298080035
0.21656837200000004
18.097118147
0.128630985
7.41473854
1.2383560980000001
0.27670631300000004
0.330529367
0.255432832
0.691791382
0.20511458100000002
1.6036301919999998
0.209893276
0.29780948
0.20633269999999998
0.076080772
0.9659485069999999
0.10332526800000001
0.120353515
0.07293899400000001
0.209728692
0.68494638
0.07725055599999998
0.07844623099999999
0.163334521
0.38516055099999996
0.31367543600000003
0.339625133
0.07911807600000001
0.110420572
0.162865555
0.08332375800000001
