0.03568073000000001
0.01971579200000001
0.063777559
0.019745252000000005
0.020054030000000014
0.04745734500000001
0.04538196700000001
0.019804200000000008
0.01831430099999999
0.02635913000000001
0.01809089100000001
0.020112612000000002
0.018138561999999997
0.021243982999999994
0.04706400399999999
0.022816789000000004
0.024798268
0.026161585
0.02338990499999999
0.018198425000000004
0.019692429999999997
0.011096903000000005
0.010185322999999996
0.022842755000000006
0.011065365000000008
0.010873660999999993
0.03999859500000001
0.021763934999999998
0.011453560000000002
0.019361484999999998
0.010520347
0.016209417000000004
0.011391562000000008
0.010372012
0.014670341000000003
0.014825767000000004
0.019186388999999998
0.011546772999999996
0.010080593999999998
0.016355385
