0.025430038000000016
0.03499321300000002
0.016992649000000012
0.01794375600000002
0.019717865
0.018350459999999985
0.016030118999999995
0.017621032999999994
0.01793122500000001
0.015807504
0.015944621000000006
0.027335181999999986
0.019795662000000006
0.06155322999999999
0.017186683000000008
0.018744812
0.016110120000000006
0.076985769
0.02190307300000001
0.017161521999999985
0.009589419000000002
0.009426589999999999
0.021155924000000007
0.022440348
0.00986377799999999
0.013621318000000007
0.013102931999999998
0.009418344000000009
0.009764059000000005
0.010012002000000006
0.00893337100000001
0.02074983100000001
0.009514545
0.013838630000000005
0.010219619
0.01909510199999999
0.009369217999999999
0.009948107000000012
0.010003233
0.010024347000000003
