0.01699684700000001
0.014921959999999984
0.016628485999999998
0.015117620999999984
0.01608045899999999
0.01488416599999999
0.01620313299999998
0.015594562000000006
0.029672717999999987
0.02668457399999999
0.015439292000000007
0.014666111999999995
0.024545763999999998
0.03840065000000001
0.024985047999999982
0.015379472000000005
0.014591885999999998
0.023823875000000022
0.05257783299999999
0.016549462999999986
0.008377074999999998
0.009195743999999992
0.007023417000000004
0.009520930999999996
0.008723177999999998
0.008955809999999995
0.007336163000000007
0.012905700000000006
0.009011248999999999
0.008956206000000008
0.009080299
0.010696973999999998
0.00923748599999999
0.015529441000000005
0.011010446000000007
0.007656041999999988
0.007291928999999989
0.009843672999999997
0.010108031000000003
0.009139875000000006
