0.014964476000000004
0.01910178800000001
0.012720152999999984
0.015566381000000004
0.012401124
0.015129149000000008
0.031927477999999995
0.015272599999999997
0.029607900999999992
0.01580160800000001
0.015488122999999993
0.014472444000000015
0.024628805000000017
0.018948026999999992
0.017341642000000018
0.015187808000000011
0.018749903
0.012536995999999995
0.012380215
0.015605486000000002
0.01005047399999999
0.008954420000000005
0.0070741250000000006
0.010013385
0.007098093
0.008797439000000004
0.007050103000000002
0.010543926999999995
0.007246362999999992
0.008955830999999997
0.0071661549999999935
0.010676635000000004
0.008688995000000005
0.0069602869999999956
0.007263433999999999
0.0071255120000000005
0.007007097000000004
0.008374971999999994
0.008867879999999995
0.009001042
