0.048973497000000005
0.029334702000000018
0.05310605600000001
0.05279113300000002
0.043712713
0.042218493999999995
0.035775694999999996
0.05046129699999999
0.065561498
0.206501329
0.04419261600000002
0.06239740499999999
0.037591633999999985
0.03889514299999999
0.061414255
0.04698709200000001
0.059011074999999996
0.03536070100000002
0.03383381100000002
0.024728200000000006
0.014775914000000001
0.035320534
0.020249399
0.02828092900000001
0.030526167999999992
0.03286164900000001
0.061280004
0.02604738100000001
0.03587273199999999
0.015342317000000008
0.025004540000000006
0.020992365
0.015339742000000003
0.014656310000000006
0.037646878999999994
0.023288993000000008
0.027436609
0.01924289400000001
0.024899245
0.019503355
