0.08099794700000001
0.47021807300000007
0.09012899100000002
0.03786366599999999
0.09030892400000001
0.03650173400000001
0.030122822000000007
0.10319856399999999
0.048850299999999985
0.406007655
0.112388866
0.08606100800000002
1.327253089
0.04714410100000002
1.522744022
0.039607326
0.21396002099999997
0.04740888700000001
0.08195571899999998
0.050232251000000006
0.08008243300000001
0.03442416100000001
0.13052226499999997
0.083460229
0.14520965000000002
0.6969995339999999
0.584032822
0.036669811999999996
0.482595363
0.08781312200000002
0.071417815
0.10890640199999999
0.087248346
0.05051502799999999
0.050048117
0.083501236
0.051859406999999996
0.05985579799999999
0.075923303
0.131588903
