0.134668459
1.46438721
1.02665359
0.12146747700000002
0.085275617
0.389160095
0.124802051
0.6729315840000001
0.243128559
0.13633045400000002
0.191122908
0.138486869
1.9264923349999998
14.787265366
0.125941684
0.43552516
0.09657179999999999
0.781678005
0.27996911
0.196910526
2.0192895660000003
4.1341342679999995
0.6175872179999999
0.10214775199999998
0.200679581
0.153801135
0.116813949
0.793833652
0.200996753
0.192342939
0.4485462189999999
1.4660344189999999
0.13541455700000002
0.94834196
0.13868063900000002
0.545645148
0.12338342399999999
2.534619623
1.6340069819999998
