0.149517566
0.216720313
0.352927084
0.130199078
0.159233659
0.438248839
0.221070596
0.26331702700000004
0.30585503999999997
0.086522609
0.872108886
0.438729979
0.586278003
0.22107761999999997
0.153045495
0.113683496
0.672458656
0.46051946699999996
0.111327433
0.11557943500000001
0.149517566
0.216720313
0.352927084
0.130199078
0.159233659
0.438248839
0.221070596
0.26331702700000004
0.30585503999999997
0.086522609
0.872108886
0.438729979
0.586278003
0.22107761999999997
0.153045495
0.113683496
0.672458656
0.46051946699999996
0.111327433
0.11557943500000001
