6.764120234999999
0.176566991
1.357264039
0.05046973200000002
0.12495451800000001
0.065566333
0.059708944999999986
0.08635437999999998
0.14593479499999998
0.30384899600000004
0.345386371
0.07115718300000001
0.05870534399999999
0.07578758800000002
0.16397065500000002
0.11275565400000001
0.430326807
0.17751512400000002
0.09623016000000001
1.076364103
0.16876340800000003
0.037681399999999976
0.16503091199999997
0.11080032199999998
1.15492974
5.533115874
0.44116535999999995
0.107563607
0.165870833
0.546094947
0.734165024
0.063785634
0.037648814
0.098155616
0.722660363
0.10845653000000002
0.064143013
0.11966403799999997
0.07610508699999999
0.11937399199999998
