0.056440255999999994
0.035461679000000024
0.09953134999999999
0.067641124
0.04863985799999998
0.10549910200000001
0.09760927200000001
0.05859101400000001
0.098751584
0.054769083000000024
0.035804188999999986
0.05465809699999999
0.22595667300000002
0.181872478
0.9418049000000001
0.08250268599999999
0.073926355
0.035010032999999996
0.17727437100000001
0.130611381
0.140311959
0.11231947999999999
0.080333949
0.151953478
0.06365343300000001
0.08045644699999999
0.368745792
1.677535287
0.04394447700000001
0.08157874899999999
0.05037731299999999
0.07634413999999999
0.396505723
0.303924157
0.039641065
0.196871962
0.056511781
0.06425300999999999
0.6177801439999999
0.03304810700000001
