0.122029091
1.816951319
1.012287491
0.20747669600000002
0.082654746
0.08774642799999999
44.563965611
10.783287791
1.5980790040000001
0.162724963
0.982802357
0.41663843599999995
0.23302351200000002
0.106351643
0.074748067
0.8941756240000001
0.211805664
0.12006946599999999
0.149990574
0.113992641
0.089456385
0.072328222
3.137853109
0.514714573
0.28356527200000003
0.23235735000000002
0.549733555
0.143664511
0.08948366099999999
0.17325223200000003
0.109377049
0.148092104
0.129890079
0.21883125300000003
84.391215619
0.19107802499999998
0.19605974599999998
0.060532843
0.574204056
1.060902563
