6.049366951
0.480149703
0.38711069200000003
0.12253049499999999
0.239317746
2.606158111
0.720093652
1.669206747
0.1787536
0.229904647
0.13536145099999997
1.7945272540000001
0.11266958700000002
0.5482040079999999
4.842662114
3.7388275220000002
3.939125442
2.004031756
31.896545058
1.1837303590000001
0.7662494080000001
1.1062964579999999
7.0488309
28.587675339
7.261224598
30.556188089000003
0.5685749830000001
0.878958613
0.490981039
0.20217582300000003
0.11639754999999999
7.730597182
5.909155135
0.49405667600000003
5.248582528
0.64311783
0.738960347
25.508402749
0.37945087200000005
