0.01462948700000001
0.01898346899999999
0.012797242999999986
0.015559508000000014
0.012586107000000013
0.015031466999999993
0.032036461
0.015736550000000016
0.029819748999999993
0.015641910999999994
0.015413032000000007
0.014328476000000007
0.02455663899999999
0.019253507000000003
0.017665829000000008
0.015560812000000007
0.018927627999999988
0.012775158999999994
0.012596926999999994
0.015698832999999995
0.010546080999999999
0.008838641999999994
0.007202589000000009
0.009914995999999995
0.007096386999999996
0.008923956999999996
0.007138879000000001
0.010769079
0.007186476999999997
0.008853223000000007
0.007135997999999991
0.010924422999999989
0.00890038
0.007293510000000003
0.007240857999999989
0.007315628000000005
0.006922402000000008
0.008534228000000005
0.008879790999999998
0.009010830000000011
