0.14203483300000003
0.360900145
0.120416563
0.06046963899999999
0.6840085459999999
0.08184755200000002
0.04484700500000002
0.05665150300000002
0.07342837600000002
0.29600910199999997
0.48309192300000003
0.096450658
1.2183973670000001
0.08528939399999999
0.140232535
0.03923331300000002
0.049278794999999986
0.05487678999999998
0.479853204
0.19880525300000002
0.047701153000000024
0.07568275500000002
0.23560511800000003
0.033085944000000006
6.899960889
0.112129432
0.09016580999999999
0.09760291499999998
0.174686832
0.12166885399999999
1.142112858
0.091432228
0.12391510699999997
0.05786253599999999
0.036012715
0.131628036
0.5372755309999999
0.09178911000000001
0.162194407
0.051138582000000016
