0.033248798999999996
0.031403187
0.033242124
0.16579291599999998
0.03245612099999999
0.033955148000000004
0.024179381
0.059398279
0.14773440799999998
0.089649561
0.030588516999999996
0.018625762000000004
0.23922616000000002
0.07115868299999999
0.08022417500000001
0.09227424000000001
0.018463555999999992
0.06701439400000002
0.043601349
0.023363675
0.05058177
0.150834991
0.020466961000000006
0.040941042
0.031884592
0.216929086
0.010844248
0.083799932
0.02172105199999999
0.024422831000000006
0.03400112100000001
0.088703265
0.08753587399999999
0.030380406
0.030061633000000004
0.07299953799999999
0.301730754
0.018926585999999995
0.028546138999999998
0.029872748000000005
