0.122280795
0.10179044200000001
0.12259187700000002
0.19571022200000002
0.051679899
0.17601141899999997
1.138407851
0.29555071099999997
0.172234334
0.286079985
0.055533554
0.5916576899999999
0.942575887
0.231913503
0.190198441
0.135971047
0.17681881700000002
2.1510858649999998
0.34903624199999994
0.15895705599999999
0.08389042999999999
0.08277851899999998
4.614661966
0.182921001
0.19034358699999998
0.743712072
0.06929252600000001
18.128614836999997
0.09929243099999999
0.70250768
0.728740582
0.7776057989999999
0.15906820899999996
0.082359702
0.087926332
0.12726089000000002
2.102910385
0.417677678
0.12928873399999996
10.795811674
