0.6797815349999999
0.566761215
83.370803957
0.362518151
0.22933872300000002
0.38682688
0.848478311
0.743670968
216.30720212600002
0.45463003699999993
0.11129508699999999
0.49877542399999997
0.495656133
0.104319035
0.296027405
2.612139892
0.18428594100000004
2.077137875
0.25173780599999995
1.6545177949999998
0.419424558
68.369417262
3.300495851
0.20483008200000002
0.11691482
3.21231088
10.115182876
2.157149818
0.17191479599999998
0.686545615
0.487560677
0.27574376300000003
4.898523743
0.456304274
0.9807029180000001
1.969414698
0.215157857
5.157075686000001
0.61754356
