0.09982528699999998
0.039588741
0.04179318300000001
0.081832421
0.042045209
0.05987116099999999
0.05068149000000001
0.060336927
0.085636097
0.04001299000000001
0.06077179899999999
0.07951454
0.048440437
0.04280921900000001
0.056530568
0.04392648399999999
0.04853419799999999
0.14410054900000002
0.05011370399999998
0.03993729900000001
0.07485942300000001
0.052326699000000004
0.039919485000000005
0.04085787599999999
0.05459054799999999
0.104898245
0.04413842899999999
0.037137859999999995
0.083048631
0.04033638200000002
0.045513577999999985
0.041015878000000006
0.066907513
0.059190374000000004
0.043380479999999985
0.062991789
0.049349489999999996
0.04222612299999999
0.04732172000000001
0.04266109800000001
