0.255676004
0.38192916099999996
0.25505109299999995
0.11646637800000001
0.08687862799999999
0.487210057
0.20523095099999997
0.31222617099999994
0.20497576000000003
0.371847861
13.423625677999999
0.3954782929999999
0.376640447
0.17143611
0.238281392
0.187883334
0.44429558499999994
0.152798346
0.152331376
0.14472889700000002
0.196968038
9.529062874000001
4.606486717
0.24670669599999998
2.035245451
0.883546846
0.14664304200000003
0.165513503
0.074608796
0.31813723699999996
0.13594405299999998
0.129212769
0.234559497
57.510594625
0.49661109400000003
6.740022914000001
5.818773988
0.29410855599999997
1.290039125
15.865825123
