0.02404501399999999
0.015670651000000008
0.165383169
0.05615489800000001
0.050124565999999995
0.03097759
0.03868187299999999
0.114741779
0.022942675999999995
0.050728264999999995
0.036683939
0.015745296000000006
0.044497904000000005
0.07190934100000002
0.024316131000000005
0.035385558
0.032167063999999995
0.043985139000000006
0.037269383
0.02890438599999999
0.04489637099999999
0.022857169999999996
0.015457431999999993
0.022488922999999994
0.029313789999999992
0.014007892000000008
0.02403208000000001
0.02354531600000001
0.020253117
0.022981375999999998
0.020016187000000005
0.046102755999999995
0.041238921
0.022376116
0.03496571500000001
0.058634087000000015
0.030348369
0.029692024999999997
0.08037692699999999
0.021092463000000006
